-1579
-1388
-1064
-659
-241
116
356
427
303
-3
-466
-1025
-1600
-2111
-2488
-2672
-2634
-2381
-1950
-1409
-845
-352
-16
93
-48
-447
-1056
-1797
-2569
-3262
-3772
-4015
-3953
-3586
-2960
-2169
-1332
-584
-54
157
-5
-549
-1418
-2505
-3661
-4714
-5503
-5891
-5794
-5192
-4146
-2788
-1306
73
1126
1647
1499
624
-927
-3001
-5353
-7656
-9555
-10694
-10773
-9575
-7012
-3136
1853
7626
13745
19709
25012
29184
31850
32767
31850
29184
25012
19709
13745
7626
1853
-3136
-7012
-9575
-10773
-10694
-9555
-7656
-5353
-3001
-927
624
1499
1647
1126
73
-1306
-2788
-4146
-5192
-5794
-5891
-5503
-4714
-3661
-2505
-1418
-549
-5
157
-54
-584
-1332
-2169
-2960
-3586
-3953
-4015
-3772
-3262
-2569
-1797
-1056
-447
-48
93
-16
-352
-845
-1409
-1950
-2381
-2634
-2672
-2488
-2111
-1600
-1025
-466
-3
303
427
356
116
-241
-659
-1064
-1388
-1579
